53	0
53	0
81	2
84	2
66	2
63	2
84	2
89	2
84	2
86	2
86	2
86	2
96	2
102	5
96	5
75	0
91	2
114	2
114	2
137	2
110	2
109	2
107	5
91	2
114	2
137	2
143	2
143	2
125	5
112	5
132	7
119	5
55	0
112	5
121	2
137	2
143	2
143	2
125	2
112	7
155	7
155	7
133	2
78	2
68	2
81	2
86	2
65	2
80	2
86	2
55	0
50	2
50	0
48	0
84	5
99	5
112	5
117	2
123	2
123	2
121	2
116	2
115	7
183	7
194	5
143	2
123	2
92	2
93	2
104	2
86	2
114	2
114	2
86	2
50	2
48	2
53	2
91	5
114	5
122	2
114	2
115	5
233	7
255	5
255	5
133	2
104	2
122	2
139	2
122	5
114	5
114	2
86	2
73	2
58	2
63	2
58	2
102	5
156	5
133	2
129	2
138	7
238	7
255	7
255	5
125	5
120	5
120	5
135	2
138	5
143	5
139	5
107	2
107	2
107	2
110	2
73	2
60	2
45	5
73	2
84	2
76	2
132	2
156	2
133	2
129	5
138	10
198	10
255	10
255	7
146	5
125	5
125	5
135	2
166	2
170	5
170	5
155	5
109	5
118	5
127	2
110	2
71	2
73	2
88	2
84	2
152	2
176	5
133	5
131	7
154	7
238	7
234	5
171	5
162	7
158	2
147	7
143	2
166	2
166	2
170	5
159	7
170	5
159	7
155	5
109	5
129	2
129	2
89	2
60	0
79	0
73	0
73	0
96	2
97	2
153	5
168	5
178	7
143	7
158	5
234	5
234	5
146	5
145	5
148	5
170	7
162	5
212	7
147	5
192	5
186	5
170	5
159	5
170	5
174	7
174	5
93	2
115	2
89	2
99	0
107	2
115	2
115	5
168	5
184	5
184	7
179	7
143	5
234	5
255	5
212	5
170	5
162	5
197	7
174	5
218	7
147	5
192	5
124	5
164	5
174	7
174	5
96	2
109	2
123	2
139	5
142	5
194	5
187	5
184	5
177	7
143	7
122	5
192	7
255	10
255	7
212	5
197	5
255	7
255	5
212	7
106	5
137	7
137	2
104	2
99	2
96	2
89	2
130	2
146	5
179	5
142	7
142	7
255	15
255	7
194	7
184	5
153	5
122	5
148	7
255	10
255	7
255	7
226	7
255	7
255	5
134	7
134	5
104	2
120	2
114	2
107	2
91	5
142	2
142	5
135	5
146	5
255	5
255	5
255	7
255	7
255	12
255	10
185	5
151	5
147	7
148	10
255	10
255	10
255	7
226	7
210	7
176	5
170	5
134	5
135	5
105	5
120	2
120	2
107	5
96	5
83	5
60	2
66	2
86	2
96	2
104	2
104	2
144	2
160	2
194	5
194	5
189	5
189	5
213	7
242	7
242	7
255	10
255	7
255	7
255	7
255	7
185	7
159	5
124	7
153	10
143	7
169	7
164	7
164	7
164	7
179	7
255	7
255	7
226	5
174	5
176	2
176	2
226	2
228	5
135	5
130	2
126	2
117	5
112	5
91	5
70	2
66	2
69	2
91	2
104	0
136	2
145	5
116	5
98	5
94	5
106	2
160	2
244	7
246	7
231	5
216	5
255	7
255	7
255	10
255	10
255	10
255	15
247	7
247	7
171	7
166	7
168	10
166	10
205	12
254	10
255	7
172	7
172	7
173	7
210	7
255	10
255	7
178	5
170	2
226	5
219	5
184	5
226	5
232	5
228	5
154	5
117	5
119	5
117	5
114	5
98	2
63	2
135	2
152	2
157	5
153	5
167	7
255	7
255	7
255	7
255	7
255	10
255	10
242	10
192	7
192	10
255	7
255	10
243	7
163	7
161	5
191	7
219	7
251	7
255	12
255	12
255	12
255	10
255	7
183	7
183	7
210	7
255	10
255	7
178	5
144	5
206	5
226	5
219	5
210	5
179	5
197	5
212	7
255	7
255	7
194	7
154	5
137	2
119	5
119	5
112	5
123	2
139	2
163	5
158	5
148	5
175	7
224	7
255	7
255	7
255	7
255	10
255	10
190	10
179	10
190	10
197	10
243	10
224	7
182	7
180	7
219	10
255	7
255	7
255	10
255	12
255	12
255	10
255	10
237	10
183	10
200	10
253	7
255	10
255	7
212	5
202	5
226	7
255	7
255	7
236	10
212	10
236	7
255	5
255	7
255	7
194	7
158	5
146	5
141	2
158	5
114	5
114	5
100	2
66	2
69	0
69	2
53	2
145	2
182	5
176	2
159	5
148	2
201	7
224	7
251	7
255	7
255	7
230	7
179	7
179	7
179	7
190	7
197	7
230	10
224	10
210	7
160	7
160	7
182	10
224	10
255	10
255	10
255	7
204	7
188	7
188	10
226	10
226	10
215	10
215	7
237	7
255	7
255	12
255	12
255	7
190	5
255	7
255	7
255	7
255	5
255	7
255	7
255	7
255	7
255	5
255	7
194	5
169	5
158	2
158	2
66	2
86	2
91	5
147	5
138	5
138	2
105	2
51	2
176	2
179	2
179	5
165	2
165	2
165	2
201	2
219	5
242	7
255	7
255	7
251	7
201	7
201	10
192	10
190	7
190	7
197	7
222	7
224	10
221	7
200	7
221	5
229	10
229	10
224	10
224	10
224	7
204	7
180	7
169	7
201	7
253	7
255	7
255	7
255	10
255	7
183	5
255	7
255	7
255	5
255	5
255	7
255	7
255	5
255	5
255	5
255	7
255	7
203	7
141	5
81	2
105	2
154	2
118	5
147	5
138	5
138	5
138	2
109	2
73	2
68	2
179	5
187	5
213	5
213	2
207	2
207	5
178	2
255	5
255	2
255	7
255	12
255	12
255	7
251	7
220	10
217	10
214	10
210	7
192	7
237	7
243	5
248	10
255	5
221	7
229	5
229	10
229	10
183	7
183	7
177	7
201	5
215	5
255	5
255	7
255	10
255	10
168	5
183	5
203	7
255	7
255	7
255	2
255	5
255	7
255	7
255	7
255	2
255	5
255	7
255	7
255	5
127	2
168	2
118	2
91	5
104	5
101	5
138	5
138	5
138	5
104	0
73	2
68	2
105	2
115	2
107	2
84	2
160	5
206	5
213	5
213	5
213	5
207	2
207	5
184	2
178	2
170	0
197	5
255	7
255	10
255	17
255	17
255	17
255	20
255	15
255	12
255	12
255	12
255	12
233	10
243	10
255	10
255	5
255	5
255	5
203	5
203	5
168	10
155	5
167	2
162	5
187	5
255	5
255	7
184	5
158	5
187	5
203	7
255	5
255	5
255	5
255	7
255	7
255	10
255	7
255	5
255	7
255	7
255	7
255	7
127	2
153	2
105	2
104	5
104	5
119	5
104	5
87	5
71	2
79	2
107	2
124	2
132	2
132	2
112	2
155	5
174	0
233	5
244	5
233	5
213	5
170	5
164	5
207	5
217	5
255	5
255	5
255	10
255	12
255	17
255	20
255	22
255	20
255	20
255	20
255	20
255	17
255	12
255	10
255	10
255	10
255	10
255	10
255	5
233	5
178	2
169	2
247	5
253	5
216	5
168	0
175	2
188	2
203	5
236	5
236	5
212	5
203	7
255	2
255	10
255	10
255	7
255	7
255	7
255	10
255	7
99	2
127	2
127	5
94	5
104	7
89	7
81	7
127	2
132	5
133	5
132	5
176	2
140	2
140	5
155	5
179	7
213	7
233	5
255	5
228	5
201	5
161	5
255	5
255	7
255	12
255	15
255	20
255	20
255	22
255	22
255	15
255	15
255	20
255	22
255	17
255	12
255	10
255	7
255	7
255	10
255	10
255	7
233	5
154	5
178	5
169	5
194	5
253	5
255	5
175	2
151	2
151	2
187	5
179	5
255	2
255	7
255	7
255	7
255	7
255	10
255	10
150	7
122	5
101	2
122	2
153	2
102	5
75	10
87	10
74	7
127	5
133	5
137	5
176	2
157	2
176	5
157	5
185	5
185	7
185	7
184	7
179	2
184	7
179	2
208	5
255	5
228	5
201	5
255	10
255	10
255	15
255	15
255	20
255	17
255	20
255	17
255	15
255	15
255	15
255	15
255	10
255	10
255	10
255	7
255	10
255	10
255	10
249	5
233	5
221	5
226	5
162	5
153	2
148	2
189	5
255	5
255	5
253	0
255	7
255	7
255	10
255	10
255	10
255	10
216	7
179	7
220	5
202	5
127	2
122	2
187	2
187	2
102	7
84	10
91	10
91	10
86	7
104	2
132	5
137	5
154	2
157	2
209	5
255	5
255	5
255	7
255	7
255	7
209	7
184	2
208	5
223	7
223	5
255	7
255	7
255	10
255	10
255	17
255	15
255	15
255	12
255	10
255	10
255	10
255	10
255	10
255	7
255	7
255	7
255	7
255	7
255	7
249	5
255	7
226	7
247	5
243	5
243	5
215	5
186	2
149	2
148	2
171	2
255	2
255	7
255	2
255	7
255	7
255	7
255	10
255	10
255	10
255	10
223	7
228	2
220	2
135	2
135	2
163	7
150	2
107	10
107	7
91	2
81	2
58	0
63	2
91	2
120	2
140	2
145	2
191	2
160	2
160	2
157	0
157	2
200	2
255	5
255	5
255	7
255	7
255	7
255	7
155	5
178	7
212	7
212	5
255	7
255	7
255	10
255	10
255	12
255	12
255	12
255	10
255	7
255	10
255	7
255	7
255	7
255	7
255	5
255	5
255	10
255	7
255	5
249	5
255	5
255	7
255	5
255	5
255	5
243	7
231	7
199	5
149	2
201	2
156	2
171	2
255	5
255	5
231	5
255	10
255	10
255	10
255	10
255	10
255	10
255	10
255	7
239	7
188	2
150	7
142	7
91	7
94	5
94	2
81	2
53	0
80	2
63	0
79	2
120	2
140	0
191	2
192	2
192	7
192	7
175	5
200	5
157	5
209	5
248	5
255	5
255	5
255	10
255	7
254	7
212	7
212	5
255	7
255	7
255	7
255	10
255	12
255	12
255	10
255	5
255	5
255	5
255	7
255	5
255	5
255	5
255	5
255	5
255	7
255	7
255	5
255	5
255	7
255	7
255	7
255	5
255	7
255	7
243	7
231	7
215	5
200	2
201	5
222	2
207	5
186	5
255	7
255	7
224	5
163	5
255	10
255	10
255	10
248	7
248	7
255	10
255	7
255	7
223	7
188	5
156	7
142	7
107	7
107	5
109	5
81	2
51	0
45	2
86	2
86	2
66	2
84	2
132	2
191	2
191	5
191	7
195	5
206	0
195	2
209	5
216	5
255	5
255	7
255	7
254	7
255	7
254	5
193	5
210	5
192	7
255	7
255	10
255	10
255	10
255	10
255	10
255	5
255	5
255	2
255	5
245	5
206	5
255	5
255	5
255	7
255	5
255	5
255	5
255	5
255	7
255	10
255	10
255	10
255	5
255	7
255	7
254	5
254	5
228	5
204	5
211	5
211	7
207	5
200	2
179	2
255	7
255	7
255	7
211	5
213	5
243	5
255	7
255	7
224	7
248	7
255	5
255	5
255	7
255	7
195	7
166	5
156	5
156	5
152	7
94	5
107	5
89	2
63	2
81	5
71	5
60	2
139	2
168	5
175	5
195	5
206	7
236	7
255	10
255	10
255	7
252	7
252	7
255	5
255	5
255	5
213	5
221	7
255	10
255	10
255	10
255	10
255	10
255	5
255	7
255	5
255	5
255	2
242	5
150	7
198	10
216	10
252	10
255	5
255	7
255	5
255	5
255	5
255	5
228	10
222	7
221	7
217	5
217	7
198	5
224	5
193	7
224	7
255	7
255	7
255	7
224	5
213	2
243	5
255	5
255	5
255	7
255	7
255	7
255	5
255	10
255	10
221	10
195	2
184	5
163	5
152	7
107	5
107	5
86	2
59	2
73	2
78	2
63	2
168	5
206	2
236	7
255	7
255	10
255	12
255	12
252	7
252	7
255	5
255	5
255	5
255	5
222	5
222	5
241	7
255	7
255	15
255	20
255	15
255	10
255	7
255	5
255	7
255	7
255	10
255	5
242	5
155	5
179	7
255	5
255	5
255	5
255	10
255	10
231	10
231	7
231	7
252	7
255	7
255	5
224	7
241	7
255	7
255	7
255	7
255	5
237	2
247	5
255	7
255	7
255	7
255	5
255	5
255	5
255	5
255	7
255	7
211	2
184	5
152	5
152	7
83	5
101	5
89	2
86	2
64	2
73	2
71	2
137	2
190	2
231	7
255	5
255	7
255	10
255	7
244	7
244	5
255	2
255	2
255	5
255	5
255	5
255	2
255	7
255	7
255	17
255	22
255	17
255	15
255	12
255	7
255	7
255	7
255	7
255	5
255	5
223	5
175	5
255	5
255	7
255	7
249	7
251	7
255	7
255	7
255	7
255	7
241	7
241	7
255	7
255	7
255	7
201	7
247	7
255	7
255	7
255	7
255	10
255	2
251	2
244	2
251	5
244	2
255	7
211	7
198	7
180	2
153	2
91	2
96	2
106	2
106	2
86	2
60	0
50	2
59	0
71	2
58	0
183	5
224	2
255	5
255	5
232	7
255	5
255	5
255	5
255	5
255	7
255	7
255	22
255	27
255	17
255	15
255	12
255	10
255	10
255	10
255	10
255	10
255	12
255	15
255	5
255	5
255	5
187	2
249	5
255	7
252	7
255	7
255	7
255	10
255	5
255	7
241	7
204	7
255	7
255	7
227	7
201	7
255	7
255	7
255	7
255	7
255	7
236	2
224	5
224	5
244	5
236	7
255	7
255	7
227	2
186	5
186	2
180	2
158	2
125	5
121	5
121	5
99	2
114	0
105	0
106	2
105	2
86	2
63	0
50	5
50	2
58	2
50	2
181	5
216	5
255	5
255	7
255	7
230	5
255	5
255	5
255	7
255	10
255	15
255	17
255	15
255	12
255	12
255	7
255	7
255	10
255	10
255	10
255	7
255	7
255	5
255	5
255	5
255	5
220	5
200	5
169	5
239	7
255	7
255	10
255	10
255	10
255	7
255	7
255	7
231	7
255	7
255	7
255	7
209	2
225	7
255	7
255	7
255	7
255	2
247	5
211	5
185	5
211	7
251	5
244	7
255	7
255	7
231	2
219	5
219	5
217	2
178	2
141	2
124	5
121	5
114	2
122	2
120	0
106	2
102	2
50	0
53	0
65	2
73	2
181	5
216	5
255	2
255	5
255	7
235	7
229	5
255	5
255	5
255	5
255	10
255	12
255	15
255	10
255	7
255	7
255	7
255	10
255	10
255	10
255	7
255	7
255	5
208	5
208	5
220	5
220	5
240	5
213	5
213	5
198	5
151	5
225	10
255	15
255	10
255	10
255	10
255	7
255	7
255	7
255	7
255	7
255	7
255	7
255	7
209	2
203	5
255	5
255	7
255	7
255	7
255	2
255	5
185	5
185	7
235	7
255	5
255	5
255	7
237	7
227	5
226	5
223	5
219	5
178	5
152	2
125	2
100	2
114	2
105	0
94	2
157	2
187	5
227	5
255	5
255	2
255	5
255	10
228	10
159	5
139	2
115	2
172	2
117	5
233	5
240	5
255	5
255	5
255	7
255	10
255	7
220	7
220	2
226	5
232	5
185	10
156	2
168	5
168	5
213	5
213	5
213	5
241	5
241	5
170	5
183	7
255	12
255	15
255	10
255	10
255	10
255	10
255	7
255	7
255	7
255	7
255	7
255	10
255	7
255	5
236	5
212	5
202	5
205	5
205	5
255	5
255	7
255	10
255	10
255	10
243	5
213	5
251	7
255	7
255	7
237	5
206	5
195	2
195	2
198	2
210	2
197	2
152	2
94	0
143	2
187	2
230	2
252	5
255	5
255	5
235	7
181	7
161	10
139	5
142	5
159	2
172	5
124	5
124	5
229	5
233	2
246	5
233	5
204	5
232	5
220	5
220	2
220	5
185	5
156	5
172	5
184	5
241	7
255	7
255	7
255	7
255	5
255	7
254	7
243	7
186	7
186	7
234	7
255	12
255	12
255	12
255	7
211	7
211	7
219	5
225	5
219	5
253	15
255	15
255	12
255	10
255	7
255	7
255	7
255	7
255	7
255	5
255	10
255	10
255	12
255	10
255	10
214	10
214	5
255	10
255	7
255	7
180	2
177	2
152	2
151	2
230	2
255	5
255	5
252	5
244	5
217	10
142	5
235	2
255	5
246	5
250	5
249	5
236	5
218	5
172	5
252	10
255	7
255	7
255	7
255	7
255	7
254	10
255	10
255	10
255	7
255	12
255	5
255	5
175	5
199	15
255	12
255	10
255	7
255	10
255	10
255	10
255	10
255	7
255	10
255	12
255	12
255	10
255	10
213	7
214	5
255	7
255	7
180	7
53	0
58	0
55	0
179	2
245	2
255	5
255	5
244	5
226	5
181	7
211	5
255	7
255	7
249	5
249	7
255	10
246	10
183	5
205	5
252	7
255	5
255	7
255	7
255	10
255	10
255	10
255	7
255	2
255	2
194	2
210	10
255	10
255	7
255	7
255	7
255	10
255	7
255	7
255	7
255	12
255	12
255	12
255	10
214	7
240	7
255	7
255	7
96	2
88	2
53	0
55	0
48	0
58	0
48	2
152	2
179	5
206	5
255	5
244	5
226	5
226	5
168	5
143	7
236	7
255	7
255	7
250	2
250	5
255	7
255	7
255	7
181	5
183	5
183	5
214	10
255	5
230	5
238	5
255	5
255	2
255	2
250	2
225	2
217	7
255	7
255	7
255	7
255	7
255	10
255	7
255	7
255	7
255	7
255	12
255	12
208	5
214	5
240	7
255	7
255	5
96	2
104	2
96	2
63	0
68	0
69	2
60	0
60	0
50	0
139	5
163	5
206	5
165	5
143	5
148	5
132	5
135	5
253	7
255	7
255	2
255	2
255	2
253	2
248	7
248	7
219	7
190	5
182	5
183	5
214	5
183	5
229	5
238	5
255	10
255	2
255	5
231	2
196	5
217	2
255	7
255	7
249	7
202	7
200	7
214	7
246	7
255	7
255	7
246	7
192	7
192	10
192	5
203	5
226	7
255	7
255	7
96	2
104	2
96	2
63	0
63	0
68	2
69	2
58	0
59	2
152	5
255	5
149	7
129	7
148	5
132	5
156	5
177	5
253	7
255	10
255	10
255	2
255	5
255	5
255	5
242	5
219	5
190	5
186	2
247	2
255	5
255	5
214	7
230	10
255	5
255	5
231	7
225	7
200	7
217	5
255	7
255	7
255	7
220	7
193	7
179	7
215	7
179	7
214	5
255	7
255	7
96	2
120	2
101	2
94	2
73	0
68	0
163	5
237	5
223	5
133	5
147	2
147	2
148	0
169	2
184	2
199	7
246	7
255	10
255	10
255	10
255	7
255	7
255	5
255	5
236	5
219	5
195	2
146	5
218	5
247	2
255	2
255	5
255	5
255	7
227	7
215	7
203	7
203	7
203	12
225	7
224	5
224	5
218	5
200	5
189	5
247	5
255	7
255	10
255	7
255	5
200	5
130	5
147	5
171	5
234	5
234	5
125	2
125	2
101	2
89	2
73	2
73	0
161	2
168	2
168	2
140	2
148	2
182	2
184	5
217	2
246	2
255	7
255	10
255	12
255	12
255	5
255	5
255	5
255	7
255	7
255	7
242	5
195	2
219	2
185	2
189	5
202	5
209	5
218	2
223	2
213	2
255	7
255	10
255	10
255	10
241	7
213	10
195	10
209	5
209	2
209	5
183	5
222	2
239	2
253	5
255	10
255	10
255	10
255	7
197	7
166	5
151	5
231	5
231	5
86	2
86	2
127	2
122	2
98	2
69	0
73	2
73	2
168	5
223	5
223	2
210	2
210	2
206	5
197	2
218	5
255	5
255	5
255	7
255	7
208	10
219	7
238	7
255	7
255	10
255	10
255	7
255	7
255	10
255	10
255	5
255	5
224	5
199	5
194	5
233	5
233	7
213	5
209	7
213	10
255	10
255	10
255	10
249	5
231	10
186	10
186	10
231	2
254	5
225	7
187	7
222	7
232	7
247	5
255	5
255	5
255	7
255	10
255	10
255	5
210	5
210	5
186	5
151	5
192	5
192	5
88	2
114	2
122	2
114	2
74	2
81	2
107	2
203	5
203	5
183	5
183	5
255	5
255	7
255	7
255	7
255	7
237	7
213	7
201	7
218	5
255	5
255	5
255	7
255	7
255	7
255	10
255	10
255	7
255	10
255	10
255	10
255	7
255	5
255	10
255	10
235	5
249	5
250	5
250	5
233	7
209	5
201	7
255	12
255	12
255	12
255	10
255	12
255	15
245	12
245	7
190	5
231	5
255	5
255	5
255	7
254	7
255	7
255	7
255	7
255	7
255	5
255	5
255	15
255	15
255	10
224	10
227	7
210	5
160	2
192	5
188	2
114	2
122	2
114	2
55	2
73	2
112	2
134	2
142	2
201	2
228	2
208	5
208	5
203	5
183	5
183	5
255	5
255	7
255	7
255	5
255	7
255	10
255	10
224	10
203	7
203	7
203	5
233	5
255	5
255	5
255	12
255	10
255	7
255	12
255	12
255	10
255	10
255	10
255	10
255	10
255	7
255	10
255	12
255	5
255	5
255	5
255	5
242	5
254	7
255	15
255	15
255	15
255	15
255	15
255	15
255	12
255	12
255	10
255	10
255	7
255	7
255	7
255	7
255	5
255	5
255	7
254	7
255	7
255	7
255	7
255	5
255	5
255	5
255	15
255	15
255	10
244	7
252	7
252	7
182	5
181	5
204	7
188	5
104	5
114	2
130	2
114	2
114	2
145	2
208	2
228	2
228	2
228	5
221	7
172	5
158	7
158	5
171	5
188	5
239	10
255	7
242	7
255	7
255	7
255	10
255	10
255	10
255	7
255	7
255	5
237	5
255	7
255	7
255	7
255	5
255	10
255	10
255	10
255	10
255	10
255	10
255	10
255	7
255	7
255	10
255	5
255	5
255	5
255	5
255	5
255	5
255	7
255	7
255	15
255	15
255	15
255	17
255	15
255	15
255	12
255	12
255	10
255	10
255	10
255	10
255	10
255	7
255	5
207	5
195	7
173	7
173	7
181	7
184	5
204	5
255	5
255	5
255	5
255	7
255	7
252	7
244	7
220	7
183	7
163	5
181	5
204	10
181	7
117	2
160	2
160	2
66	0
63	2
145	2
208	5
255	5
255	7
221	5
184	5
135	5
127	5
188	5
208	7
255	7
239	7
255	7
255	7
255	7
255	7
255	10
255	12
255	5
255	5
255	5
255	7
237	7
255	5
255	10
255	10
255	10
255	10
255	10
255	7
255	10
255	7
255	5
255	5
255	7
255	7
255	5
255	5
255	7
255	7
255	10
255	10
255	12
255	12
255	12
255	15
255	12
255	20
255	15
255	15
255	12
255	12
255	15
255	10
255	10
255	7
219	7
215	5
250	5
255	5
252	7
200	7
200	7
183	7
169	2
204	5
215	5
167	5
164	2
122	2
166	2
165	2
70	0
66	0
115	5
168	5
194	5
255	7
194	7
143	5
192	5
227	7
255	7
242	7
240	7
237	7
242	7
255	10
255	10
255	12
255	12
255	12
255	10
255	10
227	5
186	5
255	5
255	10
255	7
255	7
255	5
255	5
230	5
230	7
236	5
238	7
255	5
255	5
255	5
255	7
255	7
255	10
255	7
255	7
255	7
255	7
255	10
255	10
255	12
255	12
255	15
255	15
255	12
255	10
249	7
252	7
226	5
210	5
202	5
217	5
243	7
204	10
194	7
183	7
189	5
244	5
255	5
255	5
255	5
164	5
150	5
166	2
177	2
147	2
71	2
81	0
60	0
66	2
70	0
68	0
115	2
172	5
172	5
168	5
163	7
143	7
199	5
227	5
255	7
255	7
255	7
237	7
240	7
242	7
255	10
255	12
255	7
255	10
255	7
255	10
227	5
186	2
255	5
255	7
255	7
255	7
255	5
255	5
230	5
186	7
238	5
255	5
255	5
255	7
255	7
255	10
255	10
255	7
255	7
255	7
255	10
255	10
255	12
255	7
255	15
255	15
250	12
229	7
223	7
213	7
210	5
217	5
255	7
243	10
214	10
204	5
194	5
164	5
161	10
192	5
255	5
255	5
255	5
255	5
215	5
164	5
127	7
203	2
203	5
127	2
71	2
81	2
86	2
81	0
66	0
66	2
68	0
63	0
111	5
143	5
185	5
163	5
150	5
129	7
169	7
215	7
243	7
251	7
254	7
243	5
240	7
255	7
255	7
255	7
255	7
255	7
255	7
255	10
255	5
163	2
206	5
241	7
213	7
213	7
213	7
255	5
230	2
167	5
186	2
224	2
255	2
255	5
255	5
255	5
255	5
255	7
255	7
255	7
255	12
255	12
255	10
255	7
251	7
250	10
229	10
223	7
223	7
215	7
187	5
255	5
243	10
233	10
204	10
197	7
191	5
186	7
192	7
255	2
255	5
255	5
255	5
255	5
215	5
156	2
124	2
214	2
214	2
127	2
81	5
83	2
71	2
66	0
66	2
68	0
143	2
168	5
173	5
146	5
207	7
236	7
243	7
254	10
254	7
254	7
255	7
255	7
255	5
255	7
255	7
255	7
255	7
255	7
193	7
213	7
231	7
210	2
172	5
166	5
166	2
166	2
210	5
255	7
255	7
255	7
255	15
222	15
222	10
208	7
200	7
197	7
197	5
215	7
215	7
223	7
194	7
158	5
239	5
255	5
255	7
238	7
227	7
255	7
255	2
255	7
255	7
255	7
255	2
215	5
163	5
135	2
203	5
203	2
127	5
73	2
65	0
143	5
164	5
146	5
141	5
170	7
236	10
246	10
254	7
255	7
255	7
255	7
255	7
255	7
255	7
255	7
255	7
255	7
255	7
213	5
222	7
247	7
247	7
245	5
217	5
194	5
162	2
234	5
234	7
222	7
179	5
189	10
200	10
223	10
215	10
208	10
181	7
247	7
255	7
255	7
255	5
227	5
192	7
246	7
255	2
255	2
255	7
255	7
255	7
218	7
163	5
250	5
250	5
133	5
147	2
168	2
141	2
131	5
170	7
207	10
246	10
255	10
255	10
255	7
255	5
255	7
255	7
255	7
255	7
255	7
255	7
255	7
250	7
255	10
255	10
255	7
245	7
245	7
221	7
218	7
234	5
234	7
221	7
189	10
189	10
200	10
194	10
208	7
190	5
191	7
189	5
247	7
255	10
255	7
255	7
255	5
239	5
242	5
242	5
228	7
246	7
255	5
255	5
255	7
255	7
224	7
198	7
155	7
163	2
172	5
248	5
250	5
178	5
127	5
129	2
164	2
156	5
140	5
170	7
199	7
220	10
255	10
255	10
255	7
255	5
255	5
255	7
255	12
255	12
255	12
255	7
255	10
228	5
219	2
229	5
245	7
255	7
255	10
255	10
255	15
255	12
255	10
255	10
225	10
222	7
223	5
223	7
202	7
178	10
200	10
209	10
212	10
191	5
220	7
200	7
213	5
235	7
235	7
235	7
255	7
255	10
255	10
255	7
255	5
255	7
255	5
239	5
255	5
255	5
255	7
255	5
255	5
255	5
255	7
255	7
255	7
224	7
192	7
153	5
166	5
166	2
166	5
219	2
248	5
178	7
171	5
139	2
114	0
123	2
161	2
161	5
140	7
140	7
168	7
176	5
202	7
213	10
224	7
213	5
205	5
216	2
247	7
255	12
255	12
255	12
255	12
255	12
255	10
255	7
255	5
255	7
255	7
255	7
255	7
255	10
255	12
255	12
255	15
255	15
255	15
255	10
255	10
255	7
223	2
194	7
194	7
189	5
183	5
183	5
183	2
223	2
227	5
227	7
201	7
168	7
209	5
255	5
223	5
223	5
223	5
235	5
240	10
235	10
220	5
213	7
242	7
245	10
255	10
255	10
255	12
255	10
255	7
255	7
255	7
255	10
255	10
255	10
255	5
255	5
255	5
255	5
255	10
255	5
255	10
255	5
255	10
255	5
255	5
194	2
190	2
190	5
194	5
172	2
166	2
102	2
136	5
171	5
171	2
171	2
196	0
148	2
122	2
109	2
97	2
115	2
146	2
161	5
146	7
143	5
126	5
175	7
192	7
202	7
205	7
175	5
201	7
235	7
249	10
255	7
255	7
255	7
255	10
255	10
255	10
255	7
255	10
255	7
255	7
255	7
255	10
255	10
255	10
255	5
255	10
255	12
255	10
255	10
255	7
255	7
244	7
233	10
226	10
217	5
200	2
204	2
223	5
227	7
251	7
218	7
201	7
194	7
232	5
255	5
255	7
255	7
255	7
255	10
255	10
255	15
255	15
255	10
255	10
255	10
255	10
255	12
255	15
255	15
255	10
255	7
255	10
255	10
255	10
255	10
255	10
255	7
255	10
255	10
255	10
255	5
255	12
255	15
255	15
255	5
255	7
255	5
219	5
219	5
219	5
231	5
166	2
138	2
196	2
148	5
139	2
117	2
97	2
107	2
146	5
159	5
143	7
143	5
176	7
200	7
212	5
202	10
237	7
247	10
255	7
255	7
255	7
255	10
255	15
255	10
255	10
255	7
255	7
255	7
255	5
255	7
255	5
241	7
241	5
253	10
255	10
254	7
255	12
255	7
255	7
255	7
233	5
220	5
217	5
202	5
204	2
239	7
239	7
255	7
251	7
251	10
206	10
232	7
245	7
255	5
255	5
255	5
255	12
255	15
255	17
255	17
255	15
255	15
255	12
255	10
255	12
255	15
255	15
255	15
255	10
255	10
255	10
255	12
255	10
255	10
255	10
255	10
255	10
255	17
255	17
255	12
255	15
255	17
255	17
255	12
255	10
255	7
255	7
255	5
255	5
235	2
153	2
124	2
138	5
135	5
114	2
101	2
159	5
159	5
146	7
138	5
176	7
186	10
200	10
224	7
243	7
250	7
255	10
255	7
255	7
255	10
255	10
255	10
255	7
255	7
255	7
255	7
251	7
238	5
253	7
255	10
254	10
255	10
255	7
255	7
233	7
189	5
200	5
203	5
204	7
255	7
255	7
255	10
255	10
247	10
174	10
197	7
218	10
242	7
252	7
255	5
255	5
255	5
255	10
255	15
255	17
255	17
255	15
255	12
255	10
255	7
255	12
255	12
255	15
255	15
255	12
255	10
255	12
255	12
255	12
255	10
255	10
255	10
255	10
255	12
255	20
255	17
255	20
255	17
255	17
226	7
255	7
255	10
255	7
255	5
255	5
175	2
131	2
120	5
159	5
161	2
159	5
152	5
167	7
181	10
183	7
214	7
221	7
243	7
243	7
255	10
255	12
255	10
255	7
255	7
251	7
249	5
249	5
249	7
251	10
231	7
238	7
255	7
255	10
255	10
255	10
255	7
189	5
230	7
255	7
255	10
255	10
255	10
247	10
218	10
222	7
244	7
252	7
255	10
255	5
255	5
255	5
255	10
255	15
255	17
255	15
255	12
255	7
255	7
255	7
255	12
255	7
255	12
255	12
255	10
255	10
255	7
255	12
255	12
255	12
255	10
255	10
255	12
255	15
255	20
255	12
255	17
255	12
226	12
222	7
230	7
255	7
255	7
255	5
175	2
120	2
138	5
131	5
131	2
45	2
48	0
40	0
161	0
163	2
153	5
132	7
223	7
231	7
255	7
255	7
255	12
255	12
255	12
255	7
253	7
246	7
251	5
248	5
182	12
210	7
157	7
178	7
244	10
255	10
255	7
255	7
222	7
219	7
246	7
255	7
248	7
248	10
255	10
255	10
255	7
255	10
255	7
255	10
255	5
255	7
255	7
255	10
255	10
255	12
255	12
233	7
189	10
232	10
255	10
255	12
255	10
255	12
255	12
255	12
255	7
255	7
255	15
255	15
255	15
237	10
255	12
255	12
226	7
230	7
255	5
155	5
121	2
164	5
167	5
167	5
163	2
119	2
86	0
45	0
60	2
54	0
48	0
48	2
53	2
86	0
189	2
163	7
137	10
231	7
255	7
255	7
255	12
255	15
255	15
255	10
255	10
254	7
251	7
253	5
248	5
185	5
158	5
178	7
243	5
254	7
254	5
201	5
180	5
176	5
228	7
255	7
248	5
216	7
255	7
255	5
255	10
255	10
255	12
255	10
255	7
255	7
255	10
255	10
221	2
186	5
232	12
255	10
255	7
255	10
255	12
255	12
255	12
255	12
255	15
255	15
237	10
237	12
213	7
213	5
155	5
164	5
167	5
177	5
177	5
177	5
163	2
91	0
58	0
53	0
48	0
40	0
55	2
58	2
58	0
153	5
181	7
153	12
137	7
157	2
179	2
181	7
198	7
255	12
255	7
255	7
255	7
255	12
255	12
255	12
255	10
255	10
255	7
255	7
255	7
243	7
164	5
158	2
186	5
222	5
179	5
179	2
180	2
191	7
180	10
154	7
216	7
246	7
255	7
224	7
255	7
255	12
255	12
255	12
255	12
255	7
255	7
203	7
255	15
255	10
255	10
255	12
255	12
255	12
255	17
255	17
219	10
226	10
213	7
205	5
162	5
156	5
182	5
189	5
209	5
167	5
167	5
163	5
150	5
78	0
48	2
58	2
58	2
58	2
133	5
189	5
189	7
157	7
153	5
171	5
200	5
208	7
228	7
255	12
255	12
255	12
255	10
255	10
255	10
255	10
255	10
255	7
255	7
255	7
255	7
255	7
158	5
158	2
166	5
179	5
180	5
180	10
166	10
158	10
176	5
220	7
255	5
255	5
255	7
255	7
255	12
255	12
255	12
255	10
209	7
185	10
203	7
255	7
255	10
255	7
255	12
255	17
255	17
255	17
212	12
226	12
226	7
222	5
222	7
176	5
165	5
132	2
139	5
156	5
182	5
230	5
255	5
255	2
165	2
162	5
118	5
78	5
58	2
63	2
181	2
208	5
199	5
184	5
157	5
167	10
208	2
228	5
255	7
255	12
255	15
255	12
255	10
255	7
255	10
255	10
255	10
255	7
255	7
255	10
255	12
255	12
255	10
204	10
168	7
168	7
169	7
164	7
169	7
194	5
217	5
255	5
255	7
255	10
255	10
245	7
255	12
255	12
255	10
229	7
186	10
171	10
186	7
255	7
255	10
255	7
255	7
255	10
255	15
255	17
255	20
230	12
230	12
255	7
255	5
255	7
181	5
200	2
248	2
255	5
171	7
207	5
230	7
253	5
253	7
209	5
118	2
45	0
63	2
71	2
117	0
210	5
215	2
199	5
181	5
170	5
153	5
200	7
228	5
255	7
255	7
255	10
255	15
255	10
255	7
255	7
255	7
255	7
255	12
255	15
255	15
255	15
255	15
255	12
255	12
255	10
235	10
195	7
195	5
168	5
176	7
205	5
217	5
255	5
255	7
255	10
255	12
255	7
195	7
245	7
255	12
255	12
255	10
197	10
191	10
185	10
156	10
170	5
234	7
255	7
255	7
255	7
255	10
255	12
255	15
255	20
255	12
230	12
255	15
255	15
255	10
255	12
255	10
255	7
200	7
200	5
239	5
255	5
255	5
255	5
255	5
253	5
244	5
218	5
154	5
61	0
76	0
66	0
81	2
94	2
106	5
132	2
215	5
185	5
181	5
174	2
170	2
165	5
153	5
173	5
175	5
237	5
255	5
255	5
255	7
255	7
178	7
212	7
227	7
255	10
255	12
255	15
255	15
255	15
255	10
255	10
255	10
255	12
255	10
235	10
225	10
187	5
196	7
206	7
213	10
205	10
195	7
169	5
179	5
205	5
225	7
255	7
255	7
255	10
255	10
247	5
197	2
234	7
255	7
255	15
255	10
186	10
185	10
171	10
228	5
255	5
255	7
255	7
255	10
255	12
255	15
255	17
255	12
255	12
255	15
255	15
255	15
255	15
255	10
255	7
255	7
251	5
248	5
255	5
255	5
255	5
255	5
218	7
183	5
117	5
101	2
117	0
69	0
94	2
104	5
132	5
139	5
151	5
169	2
169	2
169	2
177	5
190	5
255	5
255	5
255	5
237	7
173	5
216	10
255	10
255	10
255	10
255	10
255	10
255	10
255	7
255	7
255	7
235	10
235	10
243	10
235	10
211	5
206	7
211	7
255	7
255	7
213	5
171	7
153	5
182	5
205	5
213	7
225	7
240	7
255	10
255	7
255	7
255	12
255	12
255	12
197	10
174	10
234	5
255	7
255	10
255	10
255	10
255	12
255	12
255	15
255	10
227	12
255	15
255	15
255	15
255	15
255	15
255	7
255	7
255	7
255	7
255	7
255	7
255	5
255	2
172	5
111	2
102	2
138	2
151	2
151	2
117	0
71	2
71	2
159	2
169	2
177	2
242	5
255	5
255	7
197	7
173	5
208	5
216	10
255	10
255	10
255	10
255	7
255	10
255	7
255	7
255	7
244	7
244	10
236	5
211	7
217	7
254	10
226	10
179	5
198	5
200	7
207	10
255	7
255	7
255	12
255	12
255	20
174	10
234	5
255	5
255	10
255	5
255	7
255	10
255	12
255	15
255	15
255	15
255	22
255	23
255	17
255	15
255	10
255	7
255	7
255	7
255	7
255	7
255	7
255	7
255	7
172	5
91	2
126	5
127	2
126	2
185	2
185	2
155	5
117	2
112	2
81	2
81	2
71	0
61	0
71	2
73	2
73	2
104	2
119	5
172	5
190	5
213	5
194	5
193	7
208	5
216	7
255	10
255	10
255	10
255	10
255	12
255	10
255	10
255	7
255	7
255	5
255	7
255	10
255	10
254	10
254	7
255	7
217	5
198	5
201	5
198	5
207	7
255	5
255	7
255	10
255	12
255	12
255	12
255	10
202	7
250	7
255	7
255	10
255	10
255	10
255	12
255	12
255	15
255	15
255	17
255	23
255	25
255	20
255	15
255	7
255	7
255	7
255	7
255	7
255	7
255	10
255	10
255	7
255	5
114	2
120	2
127	2
127	2
142	2
142	5
142	2
142	2
185	5
185	5
150	5
128	2
125	2
125	2
135	5
135	2
81	2
61	0
53	0
71	2
71	2
68	2
114	2
127	7
127	5
138	5
153	5
165	2
165	2
164	2
153	5
208	7
255	15
255	12
255	12
255	12
255	10
255	7
251	7
251	7
255	7
255	7
255	7
255	5
255	7
255	10
255	10
255	7
255	7
255	5
216	5
189	5
206	5
206	5
255	5
255	7
255	7
255	7
255	12
255	12
255	12
255	10
255	10
173	7
172	5
255	10
255	12
255	12
255	10
255	12
255	12
223	12
255	12
255	12
255	15
255	15
255	15
255	12
255	7
255	7
255	7
255	10
255	7
255	7
255	7
255	7
255	7
255	10
255	10
255	10
255	5
105	2
106	2
117	5
127	2
167	2
204	2
163	2
132	2
132	2
161	2
163	2
130	2
125	2
125	5
128	2
152	5
143	2
125	2
79	0
48	2
66	2
68	2
114	2
142	5
145	5
150	5
149	5
164	2
164	2
182	5
152	7
219	12
255	12
255	12
255	10
255	10
245	10
255	12
255	12
255	7
255	7
255	10
255	10
255	10
255	10
255	10
255	7
255	5
255	5
255	10
189	10
209	12
218	12
218	5
218	7
231	7
238	5
255	5
255	5
255	7
255	7
255	7
255	7
255	10
255	10
255	10
255	10
255	12
177	7
177	5
175	2
255	7
255	10
255	12
255	15
255	15
255	15
212	12
223	12
255	10
255	10
255	10
255	7
255	7
255	7
255	7
255	7
255	12
243	12
208	7
206	7
240	7
255	7
255	7
255	10
255	10
255	5
255	2
143	2
170	7
206	2
170	5
137	2
137	2
143	2
143	2
127	2
97	2
98	2
119	2
91	0
60	0
48	2
110	5
137	5
146	5
146	5
132	5
149	2
143	5
163	2
214	5
182	5
255	7
255	7
255	10
250	10
245	12
255	12
255	7
255	7
255	7
255	7
255	10
255	10
255	10
255	10
255	7
255	7
255	10
255	12
255	12
255	10
255	12
255	12
255	12
233	10
228	10
245	7
255	7
255	7
255	5
255	7
255	5
255	7
255	7
255	10
255	10
255	10
255	12
255	12
255	12
255	7
255	7
255	7
255	7
178	5
173	5
255	7
255	5
255	10
255	10
255	10
255	12
255	12
255	12
255	12
255	7
255	5
255	7
255	10
243	12
230	12
200	7
193	7
205	5
215	5
245	5
255	10
255	10
255	5
246	2
143	5
177	5
177	2
166	2
132	5
132	5
127	2
127	2
123	2
96	2
96	5
97	2
98	5
96	0
86	0
91	5
140	5
146	2
150	2
176	2
150	5
163	5
215	5
215	5
193	5
255	12
255	12
255	12
255	12
255	12
255	7
255	7
255	7
255	7
255	7
255	7
255	10
255	10
255	7
255	7
255	10
255	10
255	7
255	7
255	7
255	10
255	12
255	15
255	12
251	12
236	10
245	7
237	7
245	7
255	7
255	7
255	2
255	2
242	5
255	5
255	7
255	10
255	12
255	10
255	12
255	12
255	12
255	10
255	10
255	12
255	15
255	12
255	7
255	7
255	10
255	7
255	7
255	5
255	10
255	10
255	12
255	12
255	12
255	7
229	12
229	12
229	10
208	10
206	10
186	5
201	5
205	5
215	5
228	7
255	10
255	10
255	7
237	5
120	5
132	2
130	2
150	2
150	5
170	5
163	5
161	5
144	5
143	5
124	7
123	2
123	2
110	2
97	2
97	2
137	5
139	2
138	2
186	2
216	2
186	5
163	2
215	2
255	2
255	12
255	12
255	12
255	15
255	12
255	12
255	7
255	5
255	5
255	7
255	7
255	10
255	5
255	5
255	5
255	7
255	7
255	2
255	7
255	7
255	10
255	10
255	12
255	10
255	10
255	7
255	7
245	10
255	10
255	10
255	7
255	2
255	2
242	5
255	5
255	10
255	12
255	12
255	12
255	12
255	10
255	12
255	12
255	15
255	15
255	12
255	7
255	5
255	10
255	7
255	7
255	12
255	12
255	12
255	12
255	12
232	10
211	5
211	10
196	10
192	5
199	5
201	5
233	5
239	5
239	7
255	10
255	7
255	7
241	7
213	7
104	2
123	2
137	2
166	2
166	2
181	2
170	2
170	2
145	2
144	2
143	5
124	2
124	2
124	2
89	7
86	2
133	5
135	2
138	2
255	2
255	2
199	5
255	5
240	2
255	5
215	5
255	7
167	7
167	7
167	7
168	7
205	7
255	12
255	12
255	12
255	17
255	22
255	17
255	15
255	7
255	5
255	5
255	7
255	7
255	5
255	5
255	5
255	5
255	5
255	2
255	2
228	7
255	10
229	10
255	5
255	7
255	7
255	7
255	7
255	7
255	7
255	7
255	5
255	5
238	5
255	5
255	7
255	10
255	12
255	12
255	12
255	10
255	12
255	12
255	12
255	12
255	10
255	7
255	5
255	5
255	7
246	7
255	7
255	12
255	10
255	10
255	12
255	10
255	12
255	10
255	12
237	10
229	5
224	5
211	10
181	5
214	5
234	5
238	7
238	7
255	7
244	7
255	7
255	7
255	7
255	7
255	10
255	10
233	10
112	2
127	2
132	0
148	2
161	2
166	2
168	5
168	2
137	2
143	2
143	5
124	7
124	7
96	5
71	0
98	2
133	5
139	2
140	7
255	5
255	5
231	5
199	5
232	5
255	5
255	10
255	12
255	10
255	10
255	7
194	7
194	5
168	7
168	7
212	7
228	12
255	10
255	15
255	15
255	20
255	20
255	17
255	15
255	5
255	5
255	5
255	7
255	7
255	5
255	7
255	10
255	10
255	7
223	7
255	7
255	12
255	10
255	10
255	7
255	7
255	7
255	7
255	5
255	5
255	5
255	7
255	10
255	10
255	5
255	12
255	10
255	12
255	10
255	10
250	10
243	10
253	7
255	5
255	5
255	5
255	7
255	7
255	7
255	10
255	12
255	12
255	12
255	7
255	10
255	10
245	10
237	7
229	5
228	5
192	5
197	5
214	5
238	5
245	7
255	10
255	10
255	10
255	10
255	10
255	7
255	7
255	7
255	10
241	7
145	2
127	2
119	0
120	2
138	2
145	2
129	2
129	2
122	5
109	5
97	2
78	0
112	5
147	5
192	2
167	2
158	7
200	5
199	0
255	5
232	2
255	2
255	10
255	12
255	15
255	15
255	10
255	10
255	10
194	5
210	5
212	7
228	10
255	10
255	10
255	10
255	12
255	12
255	15
255	10
255	10
255	7
255	7
255	7
255	7
255	7
255	10
255	10
255	12
255	10
255	7
213	12
255	10
255	10
255	5
255	7
255	7
255	7
255	12
255	7
255	10
255	7
255	10
255	7
255	7
255	7
255	7
255	10
255	10
250	10
223	10
215	10
223	10
253	5
255	5
255	5
255	7
255	10
255	7
243	7
234	7
249	7
255	10
255	10
243	10
225	7
221	5
186	5
189	5
214	5
240	5
245	10
255	7
255	10
255	7
255	10
255	7
255	7
255	7
255	7
194	5
169	5
132	5
137	5
132	2
122	2
104	2
96	2
93	0
68	0
133	5
208	5
208	5
179	2
177	2
173	7
174	7
188	5
174	5
255	5
255	2
255	5
255	10
255	10
255	12
255	10
255	10
255	10
255	10
255	5
255	5
188	5
255	5
228	5
218	7
228	7
255	7
255	10
255	12
255	12
255	10
234	10
218	10
218	7
250	7
255	7
255	7
255	7
255	10
255	10
255	12
255	12
255	12
255	10
249	5
255	5
255	5
255	7
255	10
255	12
255	12
255	12
255	12
255	7
255	7
255	7
255	7
255	7
255	7
255	7
237	7
208	7
230	7
252	5
252	5
225	5
228	5
225	5
249	5
255	10
255	10
225	10
186	7
179	5
231	10
245	12
255	12
255	12
208	10
204	10
203	7
194	5
172	7
172	5
172	5
169	5
137	5
122	5
122	2
151	2
136	2
117	2
116	2
111	2
104	2
101	2
97	0
68	0
114	5
192	5
147	5
192	5
173	5
177	5
190	5
190	2
174	5
163	5
232	5
255	5
255	7
255	7
255	10
255	10
255	5
255	7
255	10
255	10
255	7
255	5
254	5
255	5
255	5
218	5
218	5
252	7
255	10
255	12
255	12
197	12
209	10
249	10
255	10
255	10
255	10
255	12
255	12
255	12
255	7
249	5
240	5
255	10
255	10
255	12
255	12
255	12
255	12
255	7
255	7
255	7
255	7
255	5
237	7
215	5
191	7
215	5
230	5
215	5
243	7
255	10
255	10
255	10
255	10
197	10
214	10
238	10
255	7
203	7
172	5
172	7
182	7
172	7
172	5
146	5
151	2
146	2
116	2
131	2
124	2
124	2
124	2
130	2
116	2
104	2
99	2
68	2
114	2
129	5
190	5
190	5
190	5
171	5
171	5
173	5
163	5
255	7
255	7
255	7
255	5
255	5
255	5
255	10
255	10
255	7
255	2
254	5
255	5
242	5
218	5
255	5
255	12
255	12
255	12
255	12
255	12
255	15
255	15
255	12
255	10
252	5
217	5
236	5
255	5
255	12
255	12
255	12
255	7
251	7
241	7
255	7
237	7
231	5
230	5
207	5
215	5
245	7
255	7
255	10
255	10
255	10
205	10
176	7
214	10
231	7
231	2
188	7
185	7
187	7
182	7
182	5
186	2
171	2
167	2
167	2
167	5
177	5
166	5
166	5
157	2
132	5
116	2
121	2
121	2
124	2
127	2
116	2
99	2
78	2
136	2
128	5
136	5
134	2
171	2
156	7
255	7
255	7
255	7
255	10
255	7
255	7
255	7
255	5
254	5
237	5
246	7
237	7
207	2
255	5
255	12
255	12
255	12
253	15
255	15
255	15
255	15
255	12
255	12
255	12
255	12
247	7
217	5
252	2
255	12
255	15
255	15
255	7
237	2
230	5
211	2
180	7
186	5
226	5
255	7
255	7
255	10
255	10
228	5
177	5
206	10
206	10
210	7
224	12
224	7
224	7
224	5
224	7
187	7
167	2
219	7
225	7
225	10
255	7
216	5
160	5
150	5
116	2
116	2
116	2
99	0
145	2
145	2
136	2
199	5
199	5
226	7
245	7
245	7
234	7
255	7
233	7
255	7
219	5
239	5
237	5
253	7
237	5
255	10
255	12
255	12
255	12
213	12
201	15
255	12
255	12
255	12
255	12
255	12
255	12
255	12
255	10
205	10
217	2
255	7
255	15
255	15
255	12
255	7
226	7
223	7
211	5
188	2
186	10
186	7
245	5
255	7
255	7
255	7
238	7
225	5
177	5
166	7
229	10
229	10
201	7
233	10
232	12
224	10
203	7
222	5
222	5
187	2
219	7
245	7
255	7
255	7
250	7
247	5
203	5
91	2
78	0
125	2
145	2
147	5
206	5
206	7
234	7
234	7
234	7
248	7
255	5
233	5
231	5
237	5
253	5
246	5
255	10
255	12
255	12
255	7
192	7
171	7
186	7
201	7
196	15
255	12
255	12
255	12
255	12
255	12
255	12
255	10
255	10
255	5
252	12
255	12
255	17
255	15
255	7
240	7
223	7
210	5
165	7
189	7
186	7
211	5
251	5
255	5
255	5
255	7
255	7
225	5
218	5
179	5
159	2
183	10
183	10
186	7
255	7
255	10
205	10
233	7
255	10
224	10
194	7
194	7
203	5
203	5
165	2
195	2
195	2
191	2
204	5
219	7
255	7
255	7
255	7
247	7
247	5
216	5
186	2
68	2
132	2
143	2
145	5
153	2
153	5
167	5
179	5
171	7
225	5
255	7
255	7
255	7
246	7
248	7
255	5
249	5
219	5
202	5
255	5
255	5
224	5
255	12
255	12
255	7
213	7
192	5
185	10
196	7
201	7
186	10
255	10
255	10
255	10
255	10
255	10
255	10
255	7
255	7
255	5
255	7
255	12
255	12
255	15
255	12
255	7
240	2
196	2
184	7
194	7
194	7
213	5
246	5
255	5
255	5
255	5
255	7
255	7
255	7
215	7
163	5
192	5
208	7
210	5
210	5
191	2
204	2
255	7
255	10
220	12
255	7
255	7
210	5
187	5
166	5
195	7
202	7
212	5
204	5
205	5
212	5
245	5
255	7
255	5
255	5
250	7
216	7
227	2
203	2
166	2
86	2
143	2
152	2
150	5
150	2
153	2
152	2
160	2
174	5
184	5
179	7
179	7
225	5
255	7
255	7
255	7
255	15
251	7
249	2
249	2
249	2
219	5
255	7
255	7
255	12
255	12
255	7
233	7
171	7
186	7
255	10
255	10
255	7
255	10
255	10
255	12
255	10
255	7
255	5
255	7
255	7
255	10
255	10
255	12
255	15
255	15
255	7
255	7
185	2
184	5
189	5
215	5
255	5
255	5
255	7
255	7
255	5
255	5
255	5
192	7
208	7
252	7
224	2
199	2
191	2
204	7
255	10
255	12
220	12
206	5
228	7
228	7
195	7
195	7
195	7
212	5
212	5
232	5
255	5
255	5
255	5
221	5
219	7
212	2
216	2
203	2
186	2
165	2
76	2
104	2
152	2
152	5
176	5
176	5
163	5
163	5
199	5
212	5
212	7
194	2
194	7
225	2
255	7
255	5
255	7
255	12
255	12
246	7
233	5
223	2
209	2
186	7
219	7
248	10
255	7
214	7
255	12
255	12
255	10
239	7
214	5
255	10
255	7
255	12
255	10
255	12
255	12
255	12
255	7
255	7
255	10
255	10
255	5
255	5
255	5
255	10
255	12
255	15
255	15
255	15
255	10
218	7
177	5
228	5
255	5
255	7
255	7
255	7
255	5
255	5
255	5
208	7
255	7
252	5
190	2
191	5
255	7
255	12
255	12
220	12
220	7
206	7
193	5
195	2
195	7
195	7
197	7
217	5
251	5
255	5
255	5
255	5
215	5
212	5
203	5
172	5
176	5
166	5
166	5
136	5
146	5
161	5
176	5
176	5
176	5
173	5
180	2
191	2
216	2
228	2
216	7
228	5
255	7
255	5
255	7
255	12
255	12
251	7
233	5
222	2
191	7
215	7
232	12
255	15
255	12
255	10
239	7
255	10
255	7
255	7
246	7
255	5
255	7
255	10
255	12
255	7
255	7
255	7
255	10
255	10
255	12
255	10
255	10
255	7
243	5
255	7
255	7
255	7
255	7
255	5
240	5
166	5
255	5
255	5
190	5
255	7
255	10
255	10
233	7
230	7
194	5
193	5
191	5
191	7
193	7
220	7
255	5
255	5
215	5
212	5
194	5
172	5
163	5
165	7
171	7
202	7
171	5
146	2
176	5
176	5
176	5
175	5
186	2
212	2
255	2
216	2
194	7
204	7
255	7
255	5
255	7
255	10
255	7
255	7
255	7
223	5
191	5
215	7
255	7
255	7
255	7
238	7
201	5
222	10
255	12
255	12
255	7
235	5
219	5
255	5
255	7
255	7
255	7
255	5
255	7
255	12
255	15
255	15
255	10
255	10
218	5
243	5
255	12
255	10
255	10
255	5
246	5
240	5
250	5
255	5
249	2
197	2
255	5
255	7
255	10
255	7
231	7
203	5
211	5
203	5
215	2
217	5
197	7
197	7
208	7
217	5
217	5
212	5
194	5
165	5
165	5
176	7
187	7
202	7
172	5
172	5
127	2
146	2
204	5
180	5
189	2
189	2
213	2
213	2
160	2
193	7
204	7
255	5
255	5
255	5
255	7
255	7
255	7
229	5
182	5
255	7
255	7
255	10
238	7
231	10
208	10
201	7
223	7
222	10
255	12
255	17
255	12
255	7
235	10
244	5
218	5
243	7
243	7
250	7
255	7
255	10
255	10
255	10
255	10
255	10
255	10
217	5
197	7
200	7
197	5
243	7
255	12
255	12
255	10
255	10
255	7
234	5
255	5
255	5
186	5
198	5
255	7
255	7
255	7
255	7
212	7
212	5
255	5
249	5
228	5
212	5
220	5
212	7
183	7
199	10
216	5
216	7
199	5
171	5
194	7
215	7
215	7
183	5
178	7
172	2
119	2
140	2
208	5
186	5
218	5
213	2
213	2
160	2
237	5
243	5
255	5
255	5
255	5
255	5
255	5
145	5
173	5
214	7
255	7
255	7
255	7
255	5
235	7
254	10
247	7
247	7
223	7
223	7
205	7
233	7
255	7
255	12
255	17
255	20
255	20
255	10
235	10
236	5
236	5
230	7
250	7
255	7
255	12
255	15
255	12
255	12
255	7
255	7
255	7
225	7
210	10
210	10
219	10
221	7
226	7
206	7
235	7
223	7
244	7
255	10
255	12
255	12
255	12
255	12
255	10
242	7
255	5
255	7
250	10
255	7
255	12
255	12
255	10
255	10
255	7
255	7
255	7
233	5
204	5
215	2
215	5
235	5
235	5
197	5
214	7
174	5
176	7
176	7
194	7
215	7
235	7
232	7
223	7
195	7
181	2
128	2
167	5
190	5
201	5
197	7
208	7
208	10
160	7
176	5
238	5
255	5
255	5
255	10
255	5
255	5
154	5
214	7
255	10
255	10
255	10
255	10
255	10
248	7
247	7
236	7
236	10
255	10
255	10
255	12
255	15
255	12
255	20
255	12
255	10
246	7
240	7
236	7
221	5
244	5
255	5
255	10
255	12
255	10
255	7
255	7
255	10
255	10
255	10
255	10
225	12
234	12
234	10
238	7
247	7
247	7
244	7
255	10
255	10
255	10
255	10
255	10
255	10
255	10
255	10
255	7
255	7
255	5
255	7
255	10
255	10
233	5
255	7
255	7
255	10
255	10
255	7
255	7
255	15
255	15
255	12
255	7
249	7
228	5
228	2
255	2
255	5
224	5
249	5
234	5
234	5
194	10
214	10
186	10
204	7
195	7
222	7
255	7
255	5
232	5
223	7
205	7
195	5
190	5
127	5
130	2
190	2
193	5
201	7
197	7
197	7
177	0
255	5
255	5
255	2
255	5
255	10
255	10
255	5
223	5
174	5
138	2
221	7
255	10
255	10
255	7
255	7
255	7
248	7
236	10
237	10
255	10
255	10
255	10
219	10
190	7
184	7
225	12
240	10
255	10
246	7
229	7
240	2
244	2
255	10
255	12
255	12
255	7
255	5
255	5
255	7
255	10
255	10
255	10
255	12
255	10
255	10
255	7
255	7
255	7
253	10
255	10
255	10
255	10
255	10
255	12
255	12
255	12
255	12
255	12
255	12
255	12
255	12
255	12
255	12
234	5
233	7
207	7
230	7
231	5
255	5
255	7
255	10
255	12
255	7
255	10
255	10
255	15
255	7
255	7
255	7
255	7
255	2
255	2
255	5
255	5
255	10
255	7
249	7
223	5
194	10
201	10
220	15
221	10
221	10
222	10
255	7
255	5
253	5
225	5
216	7
205	7
205	7
190	5
134	5
114	2
78	2
162	2
193	5
201	7
221	7
221	7
197	7
177	0
153	2
176	2
255	5
255	5
255	5
255	10
255	10
255	10
255	10
243	7
171	7
171	7
226	10
255	10
255	10
255	10
255	7
235	7
233	7
255	7
240	10
219	10
235	5
255	7
255	7
229	7
241	5
244	5
255	10
255	10
255	10
255	7
255	7
255	10
255	10
255	10
255	5
255	5
255	5
255	5
255	5
255	7
255	10
255	10
255	10
255	10
255	12
255	12
255	12
255	12
255	12
255	12
255	10
255	12
255	12
255	12
255	10
255	7
230	12
244	12
236	5
255	7
255	10
255	10
255	12
255	7
255	10
255	12
255	12
255	7
255	5
255	7
255	7
255	7
255	5
255	5
255	7
255	5
250	7
234	5
223	5
194	5
201	10
220	10
221	10
221	10
245	7
250	5
250	5
228	5
225	5
195	7
197	7
197	7
149	5
128	2
114	0
104	2
61	2
58	2
78	2
78	2
162	2
193	2
200	7
233	7
233	7
192	2
177	0
153	2
255	2
255	5
255	5
255	10
255	10
255	10
255	10
255	10
255	7
243	5
171	7
202	7
236	7
255	12
255	7
255	7
255	7
237	7
233	7
237	7
231	5
190	5
255	12
255	12
242	12
230	7
244	10
255	10
255	10
255	7
255	7
255	5
255	7
255	5
255	5
255	5
255	12
255	12
255	10
255	10
255	10
255	7
255	10
255	12
255	12
255	7
255	12
255	12
255	12
255	12
255	12
255	15
255	15
255	12
255	10
255	10
255	10
255	7
255	7
255	7
255	10
255	10
255	10
255	7
255	7
255	7
230	7
212	7
193	5
212	5
194	7
255	7
255	7
255	7
249	7
178	5
249	5
182	5
182	2
176	2
186	2
190	5
190	5
190	5
221	5
250	5
250	7
228	10
214	10
197	10
197	10
197	7
128	5
97	2
68	2
55	0
86	0
99	2
95	2
133	2
162	2
200	5
216	7
233	5
188	5
188	2
142	7
145	2
255	2
255	7
255	7
255	7
255	7
255	10
255	10
255	10
255	7
255	5
246	5
175	5
190	7
209	12
255	7
255	7
255	5
247	5
231	5
204	5
204	5
255	5
255	5
255	5
237	5
230	5
255	10
255	10
255	10
255	10
255	7
231	5
255	7
255	12
255	5
255	5
255	7
255	10
255	10
255	12
255	12
255	7
255	10
255	10
255	5
255	5
255	7
255	10
255	12
255	12
255	10
255	10
255	10
255	12
255	10
255	10
255	10
255	10
255	12
255	12
255	10
255	7
255	7
236	7
228	5
199	7
163	7
163	7
176	2
158	2
170	5
184	5
250	7
255	7
246	7
214	10
210	7
210	7
197	7
148	5
55	2
76	2
91	0
106	0
99	2
133	5
197	5
211	5
255	5
198	5
176	5
176	5
142	5
153	2
255	5
255	7
255	5
255	5
255	7
255	7
255	10
255	10
255	7
255	5
255	5
255	5
207	5
207	7
207	7
208	5
208	5
208	5
210	5
210	5
204	7
202	5
255	5
255	7
255	7
231	5
185	5
183	5
255	10
255	10
255	7
237	7
232	5
255	7
255	10
255	10
255	7
255	7
255	5
255	7
255	12
255	12
255	12
255	10
255	10
255	10
255	10
255	10
255	7
255	10
255	5
255	5
255	5
255	7
255	10
255	12
255	12
255	12
255	12
255	12
255	12
255	10
255	7
255	7
255	7
255	7
255	10
255	7
255	5
255	5
248	5
228	5
181	5
152	7
145	2
166	5
250	7
255	7
255	7
246	7
232	5
228	2
228	2
174	5
120	2
76	2
89	0
99	0
89	2
123	2
133	5
174	10
211	5
216	5
169	5
140	5
140	5
124	5
140	2
171	5
255	7
255	7
255	7
245	7
211	10
211	10
255	10
255	7
255	7
255	5
255	5
255	5
255	7
255	7
255	5
253	5
237	5
237	7
230	7
208	10
218	5
255	5
255	5
181	7
255	5
255	7
255	7
255	7
255	7
234	7
234	2
255	2
255	2
255	12
255	12
255	10
255	10
255	7
255	7
252	7
252	7
255	7
255	5
255	7
255	12
255	12
255	12
255	7
255	7
255	7
255	7
255	7
255	7
255	7
255	10
255	7
255	7
255	7
255	10
255	12
255	12
255	12
255	10
255	10
237	7
237	7
236	5
255	7
255	5
255	5
255	7
236	7
181	5
255	7
255	7
255	7
255	5
253	5
253	2
253	7
211	7
148	5
75	2
89	2
89	0
89	0
89	0
115	2
123	2
127	5
149	5
174	2
177	2
157	2
157	5
153	5
171	5
245	7
251	7
245	7
221	10
221	7
255	10
255	7
255	7
255	7
255	5
255	5
255	7
255	7
255	5
253	5
237	5
246	7
246	5
208	5
255	7
255	7
213	7
172	5
172	7
255	7
255	7
255	7
255	7
255	5
253	5
255	5
255	5
255	10
255	12
255	12
255	10
255	7
255	7
255	7
255	7
255	10
255	7
255	7
255	7
255	7
255	10
255	10
255	5
248	5
234	5
218	5
243	5
243	7
243	7
233	7
247	7
255	7
255	7
255	10
255	10
255	12
255	7
255	7
242	5
248	5
255	5
255	7
181	5
145	7
155	5
166	5
226	5
255	7
255	7
255	7
255	5
255	7
255	10
211	7
94	2
63	2
78	2
79	2
92	2
119	2
109	2
145	2
145	2
154	2
145	2
157	5
135	5
241	7
251	7
255	7
255	7
255	5
255	7
255	7
255	10
255	7
255	7
255	7
255	7
233	7
230	7
230	5
231	5
233	5
229	5
208	5
204	7
218	7
255	7
255	7
200	5
194	7
255	7
255	10
255	10
255	7
255	7
255	12
255	12
255	12
255	15
255	12
255	7
255	7
255	7
255	7
255	10
251	10
255	7
255	7
255	5
217	5
224	5
207	2
207	7
255	7
255	10
255	10
255	10
255	10
255	10
255	7
255	7
216	7
226	5
226	5
230	5
255	5
255	7
255	5
178	5
150	5
150	5
150	5
171	7
184	7
203	5
198	5
198	5
166	5
199	5
199	5
249	7
255	7
255	7
255	7
255	7
253	10
111	5
75	2
145	2
157	2
163	2
135	2
156	7
251	7
255	5
255	5
255	5
255	5
255	7
255	10
255	7
255	10
255	7
255	7
220	5
222	2
208	2
211	5
252	7
255	7
255	7
197	7
193	5
205	5
201	5
201	5
194	5
255	7
255	12
255	12
255	15
255	10
255	12
255	12
255	15
255	12
255	12
255	7
255	7
255	7
251	10
251	7
196	5
255	7
255	12
255	12
255	12
255	12
255	10
255	7
255	7
242	5
249	5
242	2
245	2
255	5
255	7
255	7
255	5
132	5
141	7
156	5
150	5
150	5
155	7
186	5
204	5
198	5
204	5
198	5
221	5
205	7
236	7
255	7
255	7
255	7
251	7
171	5
126	2
137	2
135	2
101	2
203	5
255	5
255	5
255	7
255	7
255	7
194	5
197	7
255	7
255	7
255	7
255	5
204	5
195	5
204	2
204	7
233	7
255	7
255	7
226	7
224	7
213	7
213	5
210	5
201	5
205	5
201	5
215	5
199	7
211	7
211	7
255	10
255	12
255	12
255	17
255	17
255	10
255	10
255	12
255	12
255	12
255	12
255	12
255	7
255	10
221	10
196	5
196	5
228	7
255	10
255	12
255	12
255	12
255	10
255	7
249	7
234	7
226	2
230	2
253	2
255	5
255	10
255	15
255	7
255	7
215	7
167	5
142	5
178	5
200	5
207	5
186	5
194	5
232	5
244	7
244	7
255	7
255	7
255	7
255	5
214	5
48	0
93	2
109	2
101	2
160	5
204	10
255	7
255	10
255	7
194	5
179	7
255	5
255	7
255	5
255	7
255	7
255	5
241	5
195	5
255	7
255	7
255	5
224	7
221	5
232	5
240	5
246	5
255	5
255	12
255	12
255	12
255	12
255	17
255	17
255	12
255	10
255	12
255	10
255	10
255	10
255	5
241	10
202	5
187	5
228	7
255	10
255	12
255	10
255	10
255	7
255	7
227	2
255	5
255	5
255	7
255	15
255	10
255	7
255	7
215	5
167	7
139	5
155	5
172	5
232	7
244	7
255	7
255	7
255	7
255	7
255	5
130	2
84	5
93	2
204	10
255	7
255	10
220	5
169	5
215	5
255	5
255	7
255	10
255	10
255	5
241	5
255	7
255	10
255	7
244	7
214	5
240	5
255	2
255	10
255	5
255	15
255	10
255	12
255	12
255	15
255	15
255	12
255	12
255	12
255	12
255	10
255	7
255	7
241	10
212	5
212	5
194	5
240	7
255	7
255	10
255	10
255	10
255	5
171	5
227	5
255	5
255	5
255	7
255	12
255	10
255	10
255	10
237	7
215	10
205	7
232	7
255	7
255	7
255	7
255	7
166	5
78	5
89	2
163	5
246	7
255	5
255	5
159	5
149	5
173	5
199	7
255	7
255	7
255	7
255	5
255	7
255	7
255	10
255	12
198	7
197	5
241	7
255	5
255	10
255	7
255	15
255	12
255	12
255	12
255	12
255	12
255	10
255	10
255	12
255	10
255	7
255	7
255	7
255	10
255	10
255	7
255	5
255	5
225	5
225	5
207	5
192	5
240	5
255	7
255	12
255	7
255	7
239	5
221	5
214	2
204	5
226	7
255	7
255	5
255	7
255	7
255	10
255	10
255	7
255	7
232	7
219	7
147	5
181	7
202	7
220	5
255	7
255	7
255	10
245	7
125	2
76	2
78	2
173	5
246	5
255	5
195	5
205	7
255	7
255	7
255	7
255	5
255	7
255	7
255	10
255	10
255	7
210	2
165	5
197	5
241	5
255	7
255	5
255	5
255	5
255	7
255	10
255	12
255	12
255	12
255	12
255	12
255	12
255	7
255	7
255	7
255	7
255	7
255	7
255	7
255	5
255	5
230	5
239	5
228	5
201	7
240	5
255	7
255	12
255	7
255	7
241	5
173	7
192	5
192	5
170	5
225	7
238	7
255	7
255	7
255	7
255	7
255	7
255	7
255	7
255	10
232	10
226	10
166	7
188	7
161	7
186	5
202	5
222	5
255	5
255	5
255	5
125	5
73	2
77	2
153	2
225	5
255	5
255	5
228	5
199	5
220	7
255	7
255	7
255	7
255	5
255	7
255	7
255	7
255	7
255	10
255	10
210	2
171	5
197	7
241	7
255	5
255	5
255	7
255	10
255	10
255	10
255	10
255	7
255	5
255	7
255	10
255	10
255	7
255	7
255	7
255	5
255	2
255	2
255	5
255	5
239	5
255	5
255	7
255	12
255	7
255	7
241	7
222	5
202	5
200	10
192	5
194	5
214	7
221	7
255	10
255	7
255	7
255	5
255	7
255	7
255	7
255	7
255	12
255	5
238	7
238	7
209	10
189	10
188	7
171	5
183	5
222	5
255	5
255	5
255	5
245	5
73	2
76	2
153	2
215	5
255	7
255	5
255	7
255	10
157	10
114	5
206	5
255	5
255	7
255	7
255	7
255	7
255	7
255	7
255	7
255	7
255	5
216	5
229	5
255	5
255	7
255	7
255	10
255	10
255	10
255	10
255	12
255	7
255	5
255	7
255	7
255	7
255	7
255	5
255	5
255	2
255	7
255	5
239	5
213	7
246	7
255	10
255	10
255	15
255	7
255	7
251	7
230	7
217	7
215	7
200	5
197	7
195	7
205	10
221	7
255	7
255	7
255	7
255	7
255	7
255	10
255	12
255	15
255	12
255	7
255	7
238	7
202	10
189	7
171	2
208	5
255	5
255	5
255	5
255	5
114	2
76	2
76	2
119	2
152	2
214	2
215	5
255	7
255	7
255	10
255	10
210	5
132	2
204	5
220	5
255	5
255	7
255	7
255	10
255	7
255	10
255	5
255	5
255	5
244	5
229	5
255	7
255	10
255	7
255	7
255	7
255	7
255	10
255	12
255	12
255	10
255	10
255	7
255	10
255	10
255	7
255	7
255	7
255	7
255	7
255	5
216	7
255	12
255	10
255	10
255	10
255	12
255	15
255	15
255	15
234	7
217	10
198	7
186	7
197	7
189	10
210	7
232	7
255	7
255	7
255	10
255	10
255	12
255	15
255	12
255	12
255	12
255	10
255	10
202	5
150	5
183	2
255	5
255	10
255	10
255	5
241	2
108	2
98	2
118	2
122	2
172	5
214	5
172	5
135	7
135	7
137	10
122	5
117	5
197	2
218	2
255	5
255	10
255	7
255	7
255	7
255	7
255	7
255	7
255	10
255	5
224	5
231	7
255	7
255	7
255	7
255	7
255	5
255	5
255	7
255	7
255	12
255	15
255	10
255	10
255	7
255	10
255	10
255	15
255	15
255	15
255	10
255	10
255	7
255	7
247	7
255	7
255	10
255	10
255	10
255	7
255	10
255	10
255	15
255	15
255	15
255	7
249	7
186	7
191	7
189	7
218	7
243	7
255	7
255	7
255	10
255	12
255	15
255	12
255	17
255	15
255	12
255	10
255	5
242	5
230	2
176	5
176	5
239	5
255	10
255	12
255	12
255	5
241	2
143	2
96	2
98	2
122	2
126	2
130	2
114	5
195	2
235	2
255	7
255	10
255	10
255	10
255	7
255	7
255	7
255	7
255	10
255	10
255	7
210	7
247	7
255	7
255	7
255	5
255	5
255	5
255	10
255	5
255	7
255	7
255	10
255	10
255	10
255	10
255	10
255	15
255	15
255	15
255	15
255	17
255	17
255	10
255	7
255	10
255	10
255	10
255	10
255	10
255	10
255	7
255	7
255	5
255	10
255	10
255	15
255	10
255	7
191	5
191	7
218	10
249	10
255	10
255	10
255	10
255	12
255	12
255	12
255	17
255	15
255	12
255	10
255	10
255	10
255	5
250	5
255	10
255	15
255	22
255	17
247	15
204	5
143	2
50	2
43	0
65	0
91	2
96	2
117	2
189	2
235	2
255	5
255	7
255	10
255	10
220	10
242	7
250	7
255	7
255	10
255	10
255	10
255	7
192	5
200	7
210	7
255	7
255	5
255	7
255	5
255	5
255	5
255	5
255	7
255	7
255	7
255	10
255	10
255	15
255	10
255	12
255	10
255	12
255	10
255	15
255	10
255	10
255	10
255	10
255	15
255	12
255	10
255	10
255	10
255	7
255	7
255	7
255	7
255	7
255	7
255	10
255	10
255	7
192	5
178	5
195	5
243	10
255	10
255	10
255	10
255	10
255	10
255	12
255	12
255	15
255	17
255	15
255	12
255	10
255	10
255	10
255	10
255	12
255	15
255	17
255	15
204	7
55	2
60	0
174	5
229	5
235	2
255	5
255	7
255	10
255	10
243	12
242	10
226	5
226	7
255	10
255	10
255	10
255	7
192	5
210	10
247	10
255	7
255	5
255	7
255	5
255	5
255	5
255	5
255	7
255	7
255	7
255	7
255	7
255	15
255	12
255	12
255	10
255	10
255	7
255	10
255	10
255	10
255	10
255	12
255	15
255	12
255	10
255	10
255	7
255	7
255	5
255	5
255	7
255	7
255	7
255	10
255	10
255	7
255	5
178	7
217	5
253	10
255	10
255	10
255	10
255	10
255	10
255	10
255	10
255	10
255	12
255	12
255	12
255	12
255	15
255	15
255	12
255	12
255	12
255	12
204	10
148	5
55	2
58	0
174	5
234	5
255	5
255	5
255	7
255	10
255	10
255	10
195	5
226	7
255	10
255	12
255	7
233	7
255	10
255	10
255	10
212	5
255	7
255	7
255	7
255	10
255	12
255	12
255	12
255	7
255	7
255	5
255	7
255	7
255	10
255	10
255	12
255	12
255	12
255	12
255	12
255	10
255	5
243	2
255	2
255	5
255	5
255	7
255	5
255	5
255	5
255	10
255	10
192	10
198	7
199	5
172	5
225	5
253	7
255	10
255	10
255	10
255	10
255	10
255	10
255	10
255	12
255	12
255	12
255	7
255	10
255	10
255	15
255	15
255	10
255	10
218	10
170	5
234	5
255	5
255	5
255	5
255	5
255	10
255	10
255	10
243	5
222	7
255	12
255	10
255	12
227	7
174	10
209	7
255	10
255	10
235	10
255	5
255	7
255	10
255	10
255	10
255	10
255	10
255	10
255	7
255	7
227	7
198	7
233	7
255	7
255	10
255	10
255	10
255	12
255	10
255	10
255	7
255	5
232	2
247	2
236	5
242	5
242	5
242	5
254	5
254	5
255	10
255	12
197	12
197	7
197	7
213	5
184	5
166	5
197	5
225	5
250	7
255	10
255	10
255	5
255	7
255	5
255	5
255	5
255	7
255	10
255	7
255	7
255	7
255	12
255	15
255	15
255	10
218	10
195	7
170	5
158	5
96	2
99	2
99	2
244	5
255	5
253	5
255	5
255	5
255	7
255	5
255	7
255	5
222	7
255	7
255	12
255	7
255	12
210	10
255	10
255	12
255	12
235	10
221	5
239	5
255	5
255	5
255	7
255	10
255	10
255	10
255	10
255	7
227	7
247	5
255	10
255	10
255	12
255	7
255	12
255	12
255	12
229	5
229	5
229	2
228	5
228	5
219	5
255	7
255	10
255	10
230	7
204	7
204	7
204	5
200	7
225	7
225	7
242	5
255	5
242	5
237	5
237	5
255	2
255	2
231	7
231	7
231	7
255	7
255	7
255	10
255	12
255	12
170	5
158	5
170	5
211	7
200	7
139	5
82	0
99	2
119	2
130	2
119	2
216	2
255	5
255	5
255	5
255	7
255	7
255	7
255	7
255	7
255	7
255	7
208	5
255	5
255	7
255	7
255	10
255	10
255	12
255	10
255	10
255	5
255	5
255	5
255	5
255	5
255	5
255	5
255	10
255	7
255	7
202	2
207	5
247	7
255	7
255	12
255	7
255	12
255	12
255	10
208	5
219	5
255	5
255	10
255	5
204	5
200	5
228	5
225	7
225	7
225	10
242	5
208	5
218	7
218	5
226	7
255	7
255	7
255	12
255	12
242	5
158	5
158	5
158	7
224	7
239	7
200	7
125	2
104	2
119	2
119	0
116	0
116	0
119	0
150	0
159	2
159	2
178	2
216	2
255	2
255	2
255	5
255	7
255	10
255	10
255	10
255	7
255	7
255	7
255	7
255	7
229	7
202	5
255	5
255	12
255	12
255	12
255	10
255	10
248	10
255	5
255	5
255	5
239	5
255	2
255	2
255	5
255	5
255	7
170	5
207	2
226	7
232	10
255	12
255	12
255	12
255	12
241	7
186	7
255	5
255	7
255	7
221	7
204	10
227	7
228	7
227	7
188	5
186	7
188	7
192	7
202	10
219	5
226	7
255	7
255	7
255	12
255	10
242	5
175	5
174	5
210	7
225	7
239	10
200	7
140	7
99	0
104	0
109	0
109	0
119	0
150	0
168	2
178	2
219	2
255	5
255	5
255	7
255	7
255	10
255	10
255	12
255	15
255	12
255	10
255	7
255	7
255	7
255	10
227	12
202	5
221	5
255	7
255	10
255	12
255	10
255	10
255	10
255	7
255	5
255	7
255	7
255	7
245	5
253	5
255	2
255	5
255	2
255	5
201	7
140	5
180	5
180	5
207	7
238	10
255	10
255	7
255	7
241	7
243	7
255	10
255	7
250	7
179	10
208	10
226	10
226	10
226	5
204	5
181	10
214	5
242	10
255	12
255	10
255	15
255	10
255	10
242	5
183	5
210	7
210	5
225	7
168	5
140	2
169	2
196	2
241	2
255	7
255	7
255	7
255	5
255	7
255	7
255	10
255	7
255	7
255	10
255	7
255	7
255	5
255	7
241	10
199	7
198	7
195	5
221	5
213	5
226	5
242	5
255	7
255	10
255	10
255	10
255	7
255	5
255	5
255	7
255	7
255	7
240	5
253	5
255	2
255	5
255	2
255	2
208	5
226	5
241	7
255	7
255	7
255	10
241	7
193	7
243	7
255	7
250	7
207	7
183	7
234	10
234	7
234	10
226	7
226	7
226	7
177	5
168	7
170	7
242	10
252	10
255	12
255	17
255	10
255	10
255	10
255	10
213	5
210	5
168	5
168	5
157	5
145	5
184	5
196	2
255	5
255	7
255	12
255	7
255	5
255	7
255	7
255	7
255	7
255	10
255	7
255	5
255	5
255	5
252	10
201	5
200	5
195	5
219	7
213	5
221	5
213	5
211	7
211	7
255	7
255	7
255	5
255	7
255	7
255	7
255	7
255	5
240	5
255	5
255	5
255	5
255	2
212	2
210	2
163	2
241	5
255	7
255	7
255	12
255	12
231	10
236	5
255	7
255	7
255	7
255	7
255	10
255	7
249	7
226	5
188	5
177	5
177	5
168	7
214	7
252	10
255	10
255	12
255	17
255	10
255	10
255	10
255	7
216	5
168	5
155	2
165	2
184	2
184	2
184	2
232	5
255	5
255	5
255	5
255	5
255	5
255	5
255	5
255	7
255	5
255	5
209	2
209	2
201	5
194	5
183	5
183	7
199	7
210	7
210	2
255	5
255	5
255	5
255	5
255	5
255	5
245	5
255	10
255	10
255	5
255	5
240	2
213	2
208	2
213	7
255	7
255	10
255	12
255	12
255	7
236	5
255	7
255	7
255	7
255	7
255	7
249	5
230	7
199	2
177	2
177	5
177	5
167	5
200	7
236	7
252	10
252	10
255	10
255	5
255	7
255	12
255	12
255	5
241	5
161	2
132	2
181	5
196	5
165	2
158	0
161	2
232	5
232	5
255	5
255	5
255	5
255	5
255	5
255	5
255	5
255	5
255	5
209	2
201	5
199	5
210	5
215	5
255	5
255	5
255	5
255	5
255	10
255	10
255	10
255	10
255	5
240	5
213	2
213	2
255	7
255	7
255	10
255	12
255	10
255	7
216	7
223	10
230	10
236	10
255	7
255	7
255	7
255	7
255	7
249	7
215	5
188	7
167	5
163	5
172	7
236	7
255	7
252	10
205	10
205	7
255	5
255	10
255	12
255	10
255	5
242	5
186	2
155	2
136	2
71	2
132	0
165	2
165	2
147	2
149	2
159	2
159	2
159	2
225	5
248	5
255	5
255	5
247	5
218	2
218	5
201	5
160	7
210	5
210	5
231	5
255	5
255	5
255	10
255	10
255	12
255	12
255	10
255	7
255	10
226	2
179	7
130	5
123	5
181	2
207	2
240	5
255	5
255	7
255	10
255	7
255	5
255	5
255	7
255	10
255	10
255	10
255	10
255	12
255	10
255	10
255	7
255	10
247	7
215	7
201	7
196	7
255	7
255	7
252	7
207	7
207	7
255	10
255	10
255	12
242	10
241	5
220	5
193	2
161	5
136	5
114	5
84	5
114	2
117	2
184	5
235	2
255	5
255	5
255	5
247	5
255	7
255	7
160	7
178	7
178	2
163	2
255	7
255	10
255	10
255	10
255	10
255	7
255	10
255	7
255	10
255	7
210	7
192	5
198	5
231	5
252	5
255	10
255	12
255	10
255	10
255	7
255	7
255	10
255	12
255	10
255	12
255	12
255	12
255	12
247	10
216	10
210	5
182	7
173	7
166	7
187	7
203	10
255	10
255	7
255	7
255	7
255	7
255	12
255	7
242	10
220	7
213	5
211	5
157	2
127	5
107	5
94	5
76	2
235	2
255	2
255	5
255	5
255	5
255	7
255	7
255	10
255	10
231	5
156	5
165	7
170	7
163	2
249	7
255	10
255	5
255	7
255	7
255	7
255	7
255	10
255	10
255	7
255	7
195	7
192	5
195	5
219	5
231	5
255	5
255	5
255	5
255	5
255	7
255	7
255	10
255	7
255	10
255	12
255	15
255	12
250	12
238	7
198	5
156	5
185	2
196	17
255	17
255	10
255	5
255	7
255	7
255	7
255	12
242	5
209	5
207	5
193	2
157	2
135	2
167	2
197	2
200	2
252	2
255	2
255	5
255	5
255	7
255	5
255	7
255	10
255	7
255	5
255	5
212	5
170	5
170	5
172	5
246	5
249	7
216	5
179	7
186	7
255	7
255	7
255	7
255	7
255	7
226	7
195	7
174	7
192	5
198	5
198	10
219	10
255	5
255	5
255	5
255	7
255	10
255	10
255	7
255	7
255	7
255	7
255	10
255	12
255	12
250	12
238	7
177	5
168	5
185	5
191	5
252	17
255	17
252	10
241	7
241	5
255	5
255	7
255	7
210	5
176	5
166	5
102	2
127	2
159	2
168	2
159	5
148	5
153	5
166	5
199	2
208	5
235	5
252	5
255	2
255	5
255	5
255	7
255	5
255	10
255	10
255	7
255	5
255	5
255	5
221	5
197	5
165	5
140	2
210	5
216	5
165	5
186	5
255	7
255	7
255	7
255	7
255	10
255	10
255	7
255	7
255	7
255	7
231	7
245	5
251	5
252	7
252	10
219	7
255	5
255	7
255	5
255	7
255	5
252	7
231	7
239	7
255	7
255	7
255	7
255	7
255	7
255	12
226	7
190	5
189	5
255	7
255	7
255	5
255	7
255	10
252	10
153	7
145	5
251	2
255	7
241	7
163	7
104	2
145	2
145	2
147	2
153	5
173	5
189	5
197	5
200	5
208	5
230	5
241	2
249	5
255	5
255	5
255	5
255	10
255	5
178	7
228	5
234	5
255	10
255	5
221	5
140	2
162	7
162	2
150	7
176	7
228	7
255	7
255	7
255	7
255	7
255	7
255	7
255	7
255	7
255	5
255	5
255	5
255	5
255	7
252	7
223	7
255	7
255	7
255	5
255	7
255	5
239	7
215	7
214	7
214	5
224	5
254	7
255	7
255	7
255	12
221	7
190	7
180	5
192	5
247	5
255	7
255	5
255	5
255	5
188	7
251	2
251	7
163	5
127	2
135	2
145	2
153	5
173	5
173	2
189	5
192	5
208	5
207	5
213	2
225	5
249	2
255	7
255	7
255	10
255	10
178	7
163	5
216	5
241	7
241	5
106	7
200	5
162	5
145	2
189	7
228	7
255	10
255	10
255	7
255	5
220	5
208	5
208	5
251	7
255	5
255	2
252	2
252	5
255	7
252	7
230	5
230	5
255	7
255	7
255	7
255	5
241	5
207	2
179	2
197	7
216	10
221	7
221	7
213	7
125	7
172	5
180	5
180	5
199	5
237	5
247	7
160	5
147	5
151	5
192	2
187	2
86	2
145	2
147	2
158	2
161	2
164	2
168	2
170	5
205	5
213	2
232	5
255	2
255	2
255	5
255	7
255	10
240	10
180	7
208	5
234	7
225	5
200	7
200	5
140	2
189	10
255	10
255	7
255	7
233	7
212	5
194	2
238	2
242	2
252	7
255	7
255	5
255	5
255	5
255	7
255	7
255	5
255	2
246	2
190	2
150	2
208	10
221	10
221	7
221	7
151	5
178	7
178	5
172	5
120	5
123	7
123	5
123	5
131	5
161	7
187	5
135	2
88	2
88	2
135	2
153	0
159	0
168	2
203	2
205	5
210	5
213	7
254	7
255	2
255	2
255	5
255	5
255	10
255	10
240	7
240	2
238	5
238	5
225	2
139	7
214	7
147	2
188	7
237	7
250	7
237	7
174	7
198	5
225	5
252	5
255	5
255	5
255	5
255	5
255	5
255	5
255	5
246	5
190	2
143	2
192	10
216	5
221	5
221	7
161	7
138	5
213	5
213	5
178	5
127	5
153	5
187	5
161	5
92	2
91	2
139	2
154	2
161	2
167	2
179	2
205	5
187	5
254	5
205	2
205	2
205	5
233	5
255	5
255	10
255	10
255	5
238	5
225	5
224	7
215	7
198	5
199	5
254	5
199	7
139	5
138	2
207	5
237	5
207	5
157	5
198	5
250	5
255	7
255	10
255	7
255	5
255	5
255	5
255	5
255	5
155	2
193	5
248	5
248	7
168	5
146	5
189	5
227	5
189	2
127	2
174	5
174	5
127	5
97	2
92	2
122	2
152	2
159	2
164	2
168	2
168	2
170	5
179	2
179	2
139	2
139	5
171	5
215	5
251	7
255	10
255	7
238	5
224	5
215	5
198	5
222	5
243	5
255	5
255	10
139	2
145	2
179	5
155	5
183	5
215	7
216	7
255	7
255	5
255	5
255	5
255	5
255	5
255	5
193	5
168	5
179	7
179	5
255	2
213	2
140	2
178	5
178	5
104	2
101	0
92	2
160	2
160	2
104	2
175	5
215	7
241	7
243	7
174	2
158	2
243	5
255	7
255	10
186	2
145	5
148	2
135	2
212	5
255	5
255	5
255	5
255	5
255	7
255	5
206	2
160	5
192	7
204	7
212	5
189	2
140	2
174	2
174	5
115	2
115	2
114	2
92	2
137	2
148	2
180	2
206	5
184	7
156	2
202	5
250	7
251	7
187	2
154	2
132	2
145	2
174	2
197	2
210	5
255	5
255	5
255	2
255	7
252	7
212	7
152	5
160	5
192	2
197	5
204	7
212	7
145	2
76	5
81	5
126	2
178	5
115	5
135	2
152	5
135	2
122	2
101	2
125	2
137	2
147	2
137	2
136	2
136	2
140	5
140	2
170	2
202	7
215	7
215	2
186	2
138	2
138	2
210	2
255	2
210	5
123	5
151	5
191	5
255	2
255	2
252	7
206	7
206	7
194	5
152	5
160	2
165	5
190	2
192	5
197	5
151	5
101	2
105	2
148	5
183	5
148	5
115	2
165	2
165	2
186	7
146	2
114	5
125	2
137	2
137	2
112	2
109	2
130	2
136	2
135	2
130	2
139	2
152	7
154	7
168	2
168	2
138	2
141	0
235	5
255	7
255	10
255	5
178	5
120	5
166	2
166	2
194	5
205	2
205	5
174	5
165	5
163	2
165	2
184	2
163	2
151	5
140	2
66	2
101	2
105	2
145	2
179	5
192	5
179	5
179	5
179	2
165	2
151	7
122	5
91	5
125	2
125	2
112	2
107	2
123	2
116	2
122	7
152	5
138	5
122	2
117	0
141	0
143	0
148	2
255	10
255	12
255	12
192	5
180	5
127	5
148	2
156	2
173	2
163	5
145	2
150	2
148	2
150	2
114	2
84	0
101	2
174	2
175	2
183	5
175	5
179	5
151	5
132	2
104	5
102	2
114	2
118	2
123	2
123	2
119	2
114	5
119	2
117	2
134	2
143	2
141	0
141	2
161	7
235	10
237	7
186	2
178	2
135	5
132	2
132	5
110	2
114	2
86	2
106	5
99	5
134	2
162	2
162	2
162	5
150	7
138	5
104	2
91	5
101	5
114	2
116	2
89	0
111	0
119	0
116	2
81	2
114	2
125	2
135	2
163	7
235	5
186	2
175	2
132	5
106	5
107	5
104	5
131	2
141	2
150	2
138	2
101	5
94	2
91	2
91	2
83	2
78	0
91	5
97	5
97	2
101	5
87	2
76	2
94	0
114	0
114	0
96	2
114	5
135	5
235	5
237	5
175	2
142	5
145	5
136	5
91	5
66	5
106	2
106	5
123	2
123	2
114	2
96	2
87	2
83	2
65	2
73	0
73	2
73	2
71	2
84	5
96	2
97	2
97	2
87	5
78	2
76	2
68	2
68	2
68	0
78	0
78	0
78	0
89	0
106	0
94	0
155	5
243	5
243	5
175	2
112	2
142	2
145	5
177	5
147	5
136	2
68	2
91	5
71	5
71	5
86	2
94	2
96	5
114	2
114	2
87	2
81	2
65	0
84	2
96	2
91	0
91	0
132	5
155	5
227	2
187	2
184	7
153	7
145	5
155	5
181	7
181	7
141	7
124	5
93	2
89	2
91	2
89	0
81	0
76	0
66	5
66	5
63	5
63	2
75	2
86	2
83	2
108	2
119	2
114	2
86	2
84	2
84	2
81	2
50	2
70	2
138	2
163	2
163	7
153	5
145	5
145	5
155	7
173	7
136	7
114	5
112	5
83	2
89	0
91	0
91	2
89	2
79	0
94	2
108	0
119	2
107	2
86	2
91	2
86	2
84	2
61	0
115	2
115	5
106	5
104	5
104	5
104	5
112	5
112	5
102	2
83	2
86	0
79	0
96	0
96	2
84	2
73	2
73	2
73	0
60	0
55	2
55	0
99	2
101	0
86	2
77	2
77	2
58	0
91	5
80	5
66	0
66	2
55	0
73	2
73	2
68	2
68	2
53	0
71	2
91	2
84	2
78	2
73	5
73	5
81	2
81	2
104	2
104	2
68	2
63	5
75	5
83	2
83	5
104	2
104	2
73	2
63	2
71	2
83	2
83	2
86	2
77	2
77	2
83	2
73	2
61	0
61	0
60	2
60	2
58	2
64	2
71	2
65	2
64	2
58	0
58	0
61	0
64	0
65	0
55	0
53	0
